# Created by Octave 4.2.2, Tue Jan 21 14:03:00 2020 CET <meike@Irmchen>
# name: omega
# type: matrix
# rows: 5
# columns: 1
 -0.04289871918018753
 0.08650510479331215
 0.01706536228215464
 0.08044826618979203
 0.0846259281838756


