# Created by Octave 4.2.2, Sat May 09 02:07:11 2020 UTC <meike@brain09>
# name: omega
# type: matrix
# rows: 5
# columns: 1
 -0.02563136598691641
 0.001371783072925396
 -0.09639497220778712
 0.05423603387712875
 0.02672108499025613


