# Created by Octave 4.2.2, Fri Jan 24 07:36:19 2020 CET <meike@Irmchen>
# name: omega
# type: matrix
# rows: 5
# columns: 1
 -0.09448034442383337
 0.003207479291988895
 -0.1109156652981579
 0.1225226413998331
 0.02749246507380154


