# Created by Octave 4.2.2, Tue Apr 28 19:43:23 2020 UTC <meike@brain09>
# name: omega
# type: matrix
# rows: 5
# columns: 1
 -0.02707551525917027
 0.001384603112143335
 -0.09648895415784146
 0.05566786969687372
 0.0267380530638143


