# Created by Octave 4.2.2, Sat Apr 18 02:44:18 2020 UTC <meike@brain09>
# name: omega
# type: matrix
# rows: 5
# columns: 1
 -0.0260376746867352
 0.001469966192670236
 -0.09718747010431238
 0.05463928587495424
 0.02672561358517934


