# Created by Octave 4.2.2, Thu Apr 30 03:02:33 2020 UTC <meike@brain09>
# name: omega
# type: matrix
# rows: 5
# columns: 1
 -0.0274514886414543
 0.00136276801046621
 -0.09631799050553494
 0.05604051202845492
 0.02674253521537422


