# Created by Octave 4.2.2, Mon Apr 27 18:23:02 2020 UTC <meike@brain09>
# name: omega
# type: matrix
# rows: 5
# columns: 1
 -0.02560589526434167
 0.001448391823088341
 -0.09702193008123627
 0.05421109888939091
 0.02672058624331187


