# Created by Octave 4.2.2, Thu Mar 05 16:31:22 2020 CET <meike@Irmchen>
# name: omega
# type: matrix
# rows: 5
# columns: 1
 -0.09500471480920912
 0.003207679364978619
 -0.1109151285749434
 0.1230428172085604
 0.02749811466882053


