# Created by Octave 4.2.2, Sat May 09 13:18:11 2020 UTC <meike@brain09>
# name: omega
# type: matrix
# rows: 6
# columns: 1
 0.002673847564611873
 -0.0212319796601365
 -0.001697763146840605
 -0.01774495240803622
 0.05134770248033273
 0.02413417073249662


