# Created by Octave 4.2.2, Tue Apr 28 00:16:04 2020 UTC <meike@brain09>
# name: omega
# type: matrix
# rows: 6
# columns: 1
 -0.007993126745683456
 -0.02292971424650744
 -0.006026968672757309
 -0.04412230248168638
 0.05176233292439123
 0.02611931694622569


