# Created by Octave 4.2.2, Wed Apr 29 01:37:03 2020 UTC <meike@brain09>
# name: omega
# type: matrix
# rows: 6
# columns: 1
 -0.00799824384215375
 -0.02531302750806333
 -0.00605422350205559
 -0.04382094796874914
 0.05412582766282093
 0.02614722134369937


