# Created by Octave 4.2.2, Sat Feb 01 13:18:44 2020 CET <meike@Irmchen>
# name: omega
# type: matrix
# rows: 6
# columns: 1
 0.04944159341390898
 -0.09023263039949803
 -0.01452722203832202
 -0.08845550160333475
 0.1163217752655511
 0.0273689718779122


