# Created by Octave 4.2.2, Thu Apr 30 14:14:50 2020 UTC <meike@brain09>
# name: omega
# type: matrix
# rows: 6
# columns: 1
 -0.00799963203734325
 -0.02604998470548432
 -0.006062079515593171
 -0.04373940007543391
 0.05485663508814279
 0.02615583097304577


