# Created by Octave 4.2.2, Sat Apr 18 13:48:39 2020 UTC <meike@brain09>
# name: omega
# type: matrix
# rows: 6
# columns: 1
 -0.001293744524360841
 -0.0226871742124134
 -0.00320559416046814
 -0.02099480480642285
 0.05219822361334974
 0.02523041163594942


