# Created by Octave 4.2.2, Tue Mar 10 12:12:33 2020 CET <meike@Irmchen>
# name: omega
# type: matrix
# rows: 6
# columns: 1
 -0.02082419646278948
 -0.09452284646208998
 -0.008490379474253133
 -0.07952993045448697
 0.1225589314591736
 0.02749992775550744


