# Created by Octave 4.2.2, Sat Jan 18 04:02:08 2020 CET <meike@Irmchen>
# name: omega
# type: matrix
# rows: 4
# columns: 1
 0.1990917485525422
 0.00512418284066124
 0.2091277021825147
 0.1773942682339256


