# Created by Octave 4.2.2, Mon May 11 12:54:48 2020 UTC <meike@brain09>
# name: omega
# type: matrix
# rows: 6
# columns: 1
 -0.3845493513505467
 0.007495572534485492
 0.002587137711844171
 -0.04551940991959665
 0.002283298473612848
 0.3210933911292754


