# Created by Octave 4.2.2, Mon Mar 09 09:02:07 2020 CET <meike@Irmchen>
# name: omega
# type: matrix
# rows: 6
# columns: 1
 -0.3846957205683924
 0.003086054253790045
 0.002158293824866353
 -0.05096963881039313
 0.006968934260928776
 0.4122603758030109


