# Created by Octave 4.2.2, Tue Jan 21 10:29:30 2020 CET <meike@Irmchen>
# name: omega
# type: matrix
# rows: 5
# columns: 1
 0.1509967386953327
 0.2122882250399945
 0.02711337331569537
 0.2000264762150483
 0.1943788192236923


