# Created by Octave 4.2.2, Fri Jan 31 15:45:16 2020 CET <meike@Irmchen>
# name: omega
# type: matrix
# rows: 6
# columns: 1
 -0.167446062874749
 -0.1227237921843535
 0.02178636575600005
 -0.01221151767742158
 0.1626609799820175
 0.03150491289249775


