# Created by Octave 4.2.2, Sat Apr 18 04:29:09 2020 UTC <meike@brain09>
# name: omega
# type: matrix
# rows: 5
# columns: 1
 -0.0323347254500027
 0.01489008313868885
 -0.0376398940117777
 0.07003510240849424
 0.02992770622409403


