# Created by Octave 4.2.2, Thu Apr 30 04:48:35 2020 UTC <meike@brain09>
# name: omega
# type: matrix
# rows: 6
# columns: 1
 -0.1616946517659416
 -0.03223053639739145
 0.02163506774628342
 -0.01512413859246823
 0.07282999930236272
 0.03043730621537792


