# Created by Octave 4.2.2, Thu Mar 05 17:37:57 2020 CET <meike@Irmchen>
# name: omega
# type: matrix
# rows: 6
# columns: 1
 -0.1674480803682463
 -0.1239229582211471
 0.02178643030779711
 -0.01220706268958791
 0.1638505264177003
 0.03151804707457315


