# Created by Octave 4.2.2, Sat May 09 03:54:10 2020 UTC <meike@brain09>
# name: omega
# type: matrix
# rows: 6
# columns: 1
 -0.1616892145568757
 -0.03339266353240813
 0.02169466486668146
 -0.01559890131479599
 0.07398207067510351
 0.0304513958466906


