# Created by Octave 4.2.2, Tue Jan 21 14:16:03 2020 CET <meike@Irmchen>
# name: omega
# type: matrix
# rows: 5
# columns: 1
 0.1545727284186609
 0.08564062027617457
 0.01610085245684954
 0.08150380358479854
 0.08511705479973426


