# Created by Octave 4.2.2, Tue Jan 21 15:34:02 2020 CET <meike@Irmchen>
# name: omega
# type: matrix
# rows: 5
# columns: 1
 0.1456726950087558
 0.09329822861332816
 0.006326515265158754
 0.07854387199396447
 0.0865940912552995


