# Created by Octave 4.2.2, Tue Jan 21 17:16:56 2020 CET <meike@Irmchen>
# name: omega
# type: matrix
# rows: 5
# columns: 1
 0.07269009973281426
 0.09314460288055533
 0.01361495288938968
 0.0813069472274425
 0.086327908031712


