# Created by Octave 4.2.2, Mon Apr 20 07:39:16 2020 UTC <meike@brain09>
# name: omega
# type: matrix
# rows: 5
# columns: 1
 0.006020422088390728
 0.0004805033880407153
 -0.04462993069774715
 0.009413808056886937
 0.3624317468900664


