# Created by Octave 4.2.2, Mon May 11 07:23:16 2020 UTC <meike@brain09>
# name: omega
# type: matrix
# rows: 6
# columns: 1
 -0.1540782285348437
 0.007811380691025042
 0.001120557833197081
 -0.02331283860484543
 0.004645427592662402
 0.3679711425102778


