# Created by Octave 4.2.2, Tue Feb 04 13:06:47 2020 CET <meike@Irmchen>
# name: omega
# type: matrix
# rows: 6
# columns: 1
 -0.159865582454988
 0.009591962471199342
 0.008863650542371822
 -0.02009682760720411
 0.004445121375317179
 0.4690154902382903


