# Created by Octave 4.2.2, Mon Mar 09 01:44:27 2020 CET <meike@Irmchen>
# name: omega
# type: matrix
# rows: 6
# columns: 1
 -0.1598655821475951
 0.008575845033386629
 0.006801918262237221
 -0.02009619942860692
 0.01016162689808872
 0.4690148393094507


