# Created by Octave 4.2.2, Sat May 02 08:22:02 2020 UTC <meike@brain09>
# name: omega
# type: matrix
# rows: 6
# columns: 1
 -0.1540824580810589
 0.007048776241338076
 0.003483383882505958
 -0.02301164847993921
 0.001948004273525062
 0.3677130286018592


