# Created by Octave 4.2.2, Tue Jan 21 16:38:27 2020 CET <meike@Irmchen>
# name: omega
# type: matrix
# rows: 5
# columns: 1
 0.07576328500800628
 0.09093568625765658
 0.0020089976568024
 0.09004701355502208
 0.08896386284673391


