# Created by Octave 4.2.2, Sun Apr 19 20:39:46 2020 UTC <meike@brain09>
# name: omega
# type: matrix
# rows: 5
# columns: 1
 -0.03240123389301097
 0.02303910559556419
 0.0004906527579790326
 0.07631398229440142
 0.02801749786946781


