# Created by Octave 4.2.2, Fri May 01 21:19:28 2020 UTC <meike@brain09>
# name: omega
# type: matrix
# rows: 6
# columns: 1
 0.1299533300201237
 -0.02646492083510421
 0.01723916763846267
 -0.02163083993618868
 0.06780814333605288
 0.027537297822611


