# Created by Octave 4.2.2, Sun May 10 20:23:37 2020 UTC <meike@brain09>
# name: omega
# type: matrix
# rows: 6
# columns: 1
 0.1299402499777197
 -0.02783126091968947
 0.01714529291024293
 -0.02084031042045523
 0.06916297422634506
 0.02755323257202628


