# Created by Octave 4.2.2, Mon Feb 03 18:04:39 2020 CET <meike@Irmchen>
# name: omega
# type: matrix
# rows: 6
# columns: 1
 0.1298814026855268
 -0.1073243942131256
 0.0177238550911722
 -0.02570513207019342
 0.1480202337894942
 0.02841895895858477


