# Created by Octave 4.2.2, Sun Mar 08 06:56:32 2020 CET <meike@Irmchen>
# name: omega
# type: matrix
# rows: 6
# columns: 1
 0.129879560646053
 -0.1085303783756973
 0.01772354475583902
 -0.02570356343847862
 0.1492169377988552
 0.02843143731036975


