# Created by Octave 4.2.2, Sat Apr 18 09:54:09 2020 UTC <meike@brain09>
# name: omega
# type: matrix
# rows: 6
# columns: 1
 -0.4003246279938668
 -0.03117462810998463
 0.01556798246311105
 -0.03718273076557993
 0.06617780774492267
 0.0279241992185149


