# Created by Octave 4.2.2, Thu Apr 30 10:19:19 2020 UTC <meike@brain09>
# name: omega
# type: matrix
# rows: 6
# columns: 1
 -0.4003275281608634
 -0.03020794851400913
 0.01553175967238775
 -0.03689817244530152
 0.06521969460502869
 0.02791217208694324


