# Created by Octave 4.2.2, Mon Apr 27 20:20:41 2020 UTC <meike@brain09>
# name: omega
# type: matrix
# rows: 6
# columns: 1
 -0.4003341363544939
 -0.03281552570372511
 0.01552088878365408
 -0.03677248230657478
 0.06780394219231158
 0.02794492047269405


