# Created by Octave 4.2.2, Fri Mar 06 00:54:25 2020 CET <meike@Irmchen>
# name: omega
# type: matrix
# rows: 6
# columns: 1
 -0.4003815102099184
 -0.1095181110461209
 0.01624277320295299
 -0.04181539967844545
 0.1438489355775452
 0.02885804075011283


