# Created by Octave 4.2.2, Fri May 01 04:57:03 2020 UTC <meike@brain09>
# name: omega
# type: matrix
# rows: 5
# columns: 1
 -0.02825707020876565
 0.0006969751302696695
 -0.0886954351863886
 0.05684197130531531
 0.02675130308380946


