# Created by Octave 4.2.2, Sun Apr 19 04:21:36 2020 UTC <meike@brain09>
# name: omega
# type: matrix
# rows: 5
# columns: 1
 -0.02563568330823708
 0.0007201827421458889
 -0.08889932148133284
 0.05424312694365609
 0.02672040232445463


