# Created by Octave 4.2.2, Sun Feb 02 15:15:39 2020 CET <meike@Irmchen>
# name: omega
# type: matrix
# rows: 5
# columns: 1
 -0.09684088189017019
 0.002314577740792001
 -0.1014706503324005
 0.124866072525405
 0.02751781773058111


