# Created by Octave 4.2.2, Sun May 10 03:59:48 2020 UTC <meike@brain09>
# name: omega
# type: matrix
# rows: 5
# columns: 1
 -0.02854282355069204
 0.0007040797280763124
 -0.08874965681882302
 0.05712531632132314
 0.02675463919413767


