# Created by Octave 4.2.2, Sat Mar 07 08:28:08 2020 CET <meike@Irmchen>
# name: omega
# type: matrix
# rows: 5
# columns: 1
 -0.09565288890227253
 0.002314026891365705
 -0.1014710453261257
 0.1236875677108837
 0.02750504273961307


