# Created by Octave 4.2.2, Wed Apr 29 11:03:21 2020 UTC <meike@brain09>
# name: omega
# type: matrix
# rows: 5
# columns: 1
 -0.0232904084972796
 0.0006164629751201665
 -0.0880764338808938
 0.05191752520263529
 0.02669299632128694


