# Created by Octave 4.2.2, Tue Apr 28 09:40:54 2020 UTC <meike@brain09>
# name: omega
# type: matrix
# rows: 5
# columns: 1
 -0.02753778167578093
 0.0005856951309879151
 -0.08780434002128164
 0.05612833923240621
 0.02674314658168384


