# Created by Octave 4.2.2, Tue Jan 21 15:59:34 2020 CET <meike@Irmchen>
# name: omega
# type: matrix
# rows: 5
# columns: 1
 0.07088865269138644
 0.0883419774772104
 0.002543843662329702
 0.09774650893847263
 0.08574541039588122


