# Created by Octave 4.2.2, Tue Mar 10 04:56:52 2020 CET <meike@Irmchen>
# name: omega
# type: matrix
# rows: 6
# columns: 1
 -0.01223109107162382
 -0.09588165259740455
 0.00872870786869619
 -0.1806420931547515
 0.1242622433280904
 0.02702917387969936


