# Created by Octave 4.2.2, Thu Apr 30 01:16:41 2020 UTC <meike@brain09>
# name: omega
# type: matrix
# rows: 6
# columns: 1
 -0.007720971875249977
 -0.02750923935329887
 -0.0009886418320461108
 -0.063015022003061
 0.05657077356279221
 0.02621397887457712


