# Created by Octave 4.2.2, Fri Jan 24 06:27:34 2020 CET <meike@Irmchen>
# name: omega
# type: matrix
# rows: 6
# columns: 1
 0.05255809717949626
 -0.08985043145172135
 0.003672750791377834
 -0.2094492339060887
 0.1159875820765712
 0.02733865683165625


