# Created by Octave 4.2.2, Sat May 09 00:21:39 2020 UTC <meike@brain09>
# name: omega
# type: matrix
# rows: 6
# columns: 1
 0.00319843769116849
 -0.02301040420347778
 7.579843598885408e-05
 -0.03101789083738363
 0.05309368446863985
 0.02427717235808475


