# Created by Octave 4.2.2, Mon Apr 27 16:37:44 2020 UTC <meike@brain09>
# name: omega
# type: matrix
# rows: 6
# columns: 1
 -0.007738135332746515
 -0.02702101278204365
 -0.001136186399237589
 -0.06170172666018927
 0.05608601309558611
 0.02620846518045934


