# Created by Octave 4.2.2, Sat Apr 18 00:58:05 2020 UTC <meike@brain09>
# name: omega
# type: matrix
# rows: 6
# columns: 1
 -0.001221645033135241
 -0.02465872287273016
 -0.00140667288983498
 -0.03021709595351577
 0.05424123087534063
 0.02525786729617934


