# Created by Octave 4.2.2, Tue Apr 28 17:58:04 2020 UTC <meike@brain09>
# name: omega
# type: matrix
# rows: 6
# columns: 1
 -0.007731101499164405
 -0.02523645309877288
 -0.001078947216918002
 -0.06223256380670077
 0.05431689720867077
 0.02618765813270741


