# Created by Octave 4.2.2, Tue Jan 21 13:31:39 2020 CET <meike@Irmchen>
# name: omega
# type: matrix
# rows: 5
# columns: 1
 0.1642184206541846
 0.08372003920475084
 0.004812276671050568
 0.08771612868931265
 0.08810829961851273


