# Created by Octave 4.2.2, Tue Jan 21 20:50:42 2020 CET <meike@Irmchen>
# name: omega
# type: matrix
# rows: 3
# columns: 1
 0.003513736862437756
 0.07059728944273228
 0.05306635135634773


