# Created by Octave 4.2.2, Wed Mar 04 13:38:00 2020 CET <meike@Irmchen>
# name: omega
# type: matrix
# rows: 3
# columns: 1
 -0.02417020928439534
 0.07032443753627238
 0.0422263927487745


