# Created by Octave 4.2.2, Tue Jan 21 17:04:28 2020 CET <meike@Irmchen>
# name: omega
# type: matrix
# rows: 5
# columns: 1
 0.07576328500800628
 0.09093568625765656
 0.002008997656802394
 0.09004701355502211
 0.08896386284673388


