# Created by Octave 4.2.2, Tue Apr 28 23:39:41 2020 UTC <meike@brain09>
# name: omega
# type: matrix
# rows: 6
# columns: 1
 -0.01611110331717683
 -0.02517534687960808
 -0.007675814103961947
 -0.06467123468412259
 0.05381224865285271
 0.0263210253967084


