# Created by Octave 4.2.2, Mon Apr 27 22:18:10 2020 UTC <meike@brain09>
# name: omega
# type: matrix
# rows: 6
# columns: 1
 -0.01612424113592173
 -0.02868286578598375
 -0.007752235122080097
 -0.06393636991377777
 0.05728896808987684
 0.02636289729873244


