# Created by Octave 4.2.2, Thu Apr 30 12:17:24 2020 UTC <meike@brain09>
# name: omega
# type: matrix
# rows: 6
# columns: 1
 -0.01612288655896835
 -0.0238499302790747
 -0.007744879822781759
 -0.06387674629540603
 0.05250172103678435
 0.02630550019147894


