# Created by Octave 4.2.2, Sat Feb 01 06:58:58 2020 CET <meike@Irmchen>
# name: omega
# type: matrix
# rows: 6
# columns: 1
 -0.01601841427876014
 -0.09553926651635941
 -0.007126251953943155
 -0.07264472087363123
 0.1235121176467627
 0.02711943960848962


