# Created by Octave 4.2.2, Sat Apr 18 11:51:16 2020 UTC <meike@brain09>
# name: omega
# type: matrix
# rows: 6
# columns: 1
 -0.01611663708912744
 -0.02409583069557983
 -0.00770778974931852
 -0.06428440821722238
 0.05274408352005858
 0.02630829693662214


