# Created by Octave 4.2.2, Sat May 09 11:20:31 2020 UTC <meike@brain09>
# name: omega
# type: matrix
# rows: 6
# columns: 1
 -0.01611614309771037
 -0.02764988967954094
 -0.007705087277782559
 -0.06442348841293231
 0.05626423681646409
 0.02635049824572694


