# Created by Octave 4.2.2, Fri Mar 06 05:56:39 2020 CET <meike@Irmchen>
# name: omega
# type: matrix
# rows: 6
# columns: 1
 -0.01601806888546608
 -0.09472312690243849
 -0.007124379834102135
 -0.0726443060608758
 0.1227031438382336
 0.02711055128600117


