# Created by Octave 4.2.2, Tue Jan 21 12:22:17 2020 CET <meike@Irmchen>
# name: omega
# type: matrix
# rows: 5
# columns: 1
 -0.07000116366882424
 0.08986365983243785
 0.008225470503991835
 0.07588022053437864
 0.08444071912871468


