# Created by Octave 4.2.2, Thu Jan 23 00:39:13 2020 CET <meike@Irmchen>
# name: omega
# type: matrix
# rows: 3
# columns: 1
 -0.6578215431800528
 0.1792071663336355
 0.1124148149858567


