# Created by Octave 4.2.2, Wed Mar 04 23:16:23 2020 CET <meike@Irmchen>
# name: omega
# type: matrix
# rows: 3
# columns: 1
 -0.657767809632444
 0.1792095323414054
 0.1124156446809635


