# Created by Octave 4.2.2, Tue Jan 21 14:29:50 2020 CET <meike@Irmchen>
# name: omega
# type: matrix
# rows: 5
# columns: 1
 -0.07197317877376799
 0.08652727542029755
 0.01717204932800657
 0.07976946343887008
 0.08441465981103448


