# Created by Octave 4.2.2, Mon Jan 20 21:34:13 2020 CET <meike@Irmchen>
# name: omega
# type: matrix
# rows: 5
# columns: 1
 -0.1593731474595536
 0.2004453811056286
 0.03494172198911605
 0.1974654614526087
 0.1871986967969882


