# Created by Octave 4.2.2, Tue Jan 21 13:46:28 2020 CET <meike@Irmchen>
# name: omega
# type: matrix
# rows: 5
# columns: 1
 -0.06255214111637969
 0.08366899489481423
 0.004808880123639585
 0.08706889857107611
 0.0862203734171407


