# Created by Octave 4.2.2, Mon Jan 20 20:00:55 2020 CET <meike@Irmchen>
# name: omega
# type: matrix
# rows: 5
# columns: 1
 -0.06441773654773394
 0.1912067935217747
 0.009970916745253681
 0.2007356393490486
 0.1846527720407338


