# Created by Octave 4.2.2, Wed Mar 04 18:22:52 2020 CET <meike@Irmchen>
# name: omega
# type: matrix
# rows: 3
# columns: 1
 -0.06193107724760724
 0.2132830871923884
 0.1328858525694674


