# Created by Octave 4.2.2, Tue Jan 21 22:58:31 2020 CET <meike@Irmchen>
# name: omega
# type: matrix
# rows: 3
# columns: 1
 -0.004978390851553403
 0.2217643919972873
 0.2072869180315403


