# Created by Octave 4.2.2, Mon May 11 16:49:26 2020 UTC <meike@brain09>
# name: omega
# type: matrix
# rows: 6
# columns: 1
 0.001314963881658732
 -0.002038027154714011
 -0.01070711984792081
 -0.02607054006908598
 -0.004691206536533266
 0.277734334748624


