# Created by Octave 4.2.2, Wed Feb 05 06:58:43 2020 CET <meike@Irmchen>
# name: omega
# type: matrix
# rows: 6
# columns: 1
 0.2737327044019926
 -0.7543416321525271
 -0.7167560576251719
 -0.1170470862684115
 -0.7541650768892182
 0.2384537315150051


