# Created by Octave 4.2.2, Sat May 02 17:47:09 2020 UTC <meike@brain09>
# name: omega
# type: matrix
# rows: 6
# columns: 1
 -0.006819843606673716
 -0.06190935269309352
 -0.05194435554387641
 -0.06131343829657935
 -0.05800117375401478
 0.2698903566380882


