# Created by Octave 4.2.2, Mon Apr 20 17:00:14 2020 UTC <meike@brain09>
# name: omega
# type: matrix
# rows: 6
# columns: 1
 -0.0009680255414594919
 -0.007839193954136953
 -0.0121825104856288
 -0.0318037347385497
 -0.006458928157500948
 0.2871589173045316


