# Created by Octave 4.2.2, Thu Mar 12 02:18:47 2020 CET <meike@Irmchen>
# name: omega
# type: matrix
# rows: 6
# columns: 1
 -0.01999040331081523
 -0.6907208330389594
 -0.6575852356896821
 -0.1240143638477922
 -0.6936072312920348
 0.2531833717962517


