# Created by Octave 4.2.2, Wed Mar 04 16:36:38 2020 CET <meike@Irmchen>
# name: omega
# type: matrix
# rows: 3
# columns: 1
 -0.160043102180475
 0.2119440930374281
 0.1319775500746015


