# Created by Octave 4.0.0, Fri Jan 11 16:45:28 2019 CET <gina@Jesus>
# name: omega
# type: matrix
# rows: 3
# columns: 1
 -0.04105964194071721
 0.06539328501923733
 0.03099227560921293


