# Created by Octave 4.2.2, Tue Apr 21 10:44:47 2020 UTC <meike@brain09>
# name: omega
# type: matrix
# rows: 5
# columns: 1
 0.006966440700112458
 0.0004643831561218035
 -0.1032289006371011
 0.004320716224675642
 0.3084432321618143


