# Created by Octave 4.2.2, Sat May 02 06:35:43 2020 UTC <meike@brain09>
# name: omega
# type: matrix
# rows: 5
# columns: 1
 0.006815110745497966
 0.006451984827863568
 -0.1027911231740147
 0.001379013854245624
 0.3078875989573651


