# Created by Octave 4.2.2, Mon May 11 05:38:22 2020 UTC <meike@brain09>
# name: omega
# type: matrix
# rows: 5
# columns: 1
 0.004778288142897815
 0.00145360723337802
 -0.1028940078406948
 0.006935737242955748
 0.3081990381596026


