# Created by Octave 4.0.0, Fri Aug 17 16:17:17 2018 UTC <ubuntu@lsat>
# name: omega
# type: matrix
# rows: 5
# columns: 1
 0.001286159633449395
 0.004934254834004172
 -0.1034135084086992
 0.005079341630768135
 0.308966257192573


