# Created by Octave 4.2.2, Sun May 10 00:16:12 2020 UTC <meike@brain09>
# name: omega
# type: matrix
# rows: 6
# columns: 1
 -0.01615677487985907
 -0.02802350734473591
 -0.009571054041670572
 -0.06684078067395727
 0.05649085643029142
 0.02632672200194169


