# Created by Octave 4.2.2, Fri May 01 01:13:32 2020 UTC <meike@brain09>
# name: omega
# type: matrix
# rows: 6
# columns: 1
 -0.01614762712241006
 -0.02642351629611083
 -0.009515820535477766
 -0.06739380735424801
 0.0549043211969177
 0.02630757530723693


