# Created by Octave 4.2.2, Sat Mar 07 02:08:38 2020 CET <meike@Irmchen>
# name: omega
# type: matrix
# rows: 6
# columns: 1
 -0.01605033781757012
 -0.09564501500510342
 -0.00892161558937833
 -0.07588469210603332
 0.1234709663979364
 0.02709184294679334


