# Created by Octave 4.2.2, Tue Apr 28 05:56:00 2020 UTC <meike@brain09>
# name: omega
# type: matrix
# rows: 6
# columns: 1
 -0.01615073860451672
 -0.02670636122040355
 -0.009534062607212835
 -0.06719771590805045
 0.05518508035929397
 0.02631099113071792


