# Created by Octave 4.2.2, Sun Feb 02 07:33:39 2020 CET <meike@Irmchen>
# name: omega
# type: matrix
# rows: 6
# columns: 1
 -0.01605104036704981
 -0.09731999920137757
 -0.008925711620979352
 -0.07588610792990483
 0.1251312429701777
 0.02711004436002597


