# Created by Octave 4.2.2, Wed Apr 29 07:21:00 2020 UTC <meike@brain09>
# name: omega
# type: matrix
# rows: 6
# columns: 1
 -0.01615191720789837
 -0.02649936674009193
 -0.009541515193223486
 -0.06711342347014072
 0.05498027877663778
 0.02630856143167421


