# Created by Octave 4.2.2, Sun Apr 19 00:39:04 2020 UTC <meike@brain09>
# name: omega
# type: matrix
# rows: 6
# columns: 1
 -0.01614587560588012
 -0.02795926738961921
 -0.009504501867708764
 -0.06755756106972774
 0.05642513679889596
 0.02632573716892943


