# Created by Octave 4.2.2, Wed Feb 05 01:51:07 2020 CET <meike@Irmchen>
# name: omega
# type: matrix
# rows: 6
# columns: 1
 -0.01402648953493097
 -0.4893627134835229
 -0.4576405821464269
 -0.09522428458600511
 -0.4867861301627209
 0.3071536297292745


