# Created by Octave 4.2.2, Mon Mar 09 14:47:50 2020 CET <meike@Irmchen>
# name: omega
# type: matrix
# rows: 6
# columns: 1
 -0.01402638058349389
 -0.4879938471678743
 -0.4664834891167574
 -0.09521607560758863
 -0.4878485374295051
 0.3071258774159831


