# Created by Octave 4.2.2, Mon Apr 20 15:03:18 2020 UTC <meike@brain09>
# name: omega
# type: matrix
# rows: 6
# columns: 1
 -0.01414729835495252
 -0.1166422613495372
 -0.1140965880855594
 -0.08447328151306356
 -0.1104112293870884
 0.2425444585908171


