# Created by Octave 4.2.2, Sat May 02 15:50:16 2020 UTC <meike@brain09>
# name: omega
# type: matrix
# rows: 6
# columns: 1
 -0.01415985362867231
 -0.1157400914538654
 -0.104988242102249
 -0.0836387197504336
 -0.1172527189687877
 0.2430680533701517


