# Created by Octave 4.2.2, Mon May 11 14:51:46 2020 UTC <meike@brain09>
# name: omega
# type: matrix
# rows: 6
# columns: 1
 -0.01415432537123946
 -0.1176858870335223
 -0.107460837800996
 -0.08396617337960367
 -0.1130495848046013
 0.2419525879682171


