# Created by Octave 4.2.2, Tue Jan 21 11:55:59 2020 CET <meike@Irmchen>
# name: omega
# type: matrix
# rows: 5
# columns: 1
 -0.02361355261660943
 0.0898315637255343
 0.007589638855926301
 0.07690516523122237
 0.08497435092771743


