# Created by Octave 4.2.2, Mon May 11 09:09:43 2020 UTC <meike@brain09>
# name: omega
# type: matrix
# rows: 6
# columns: 1
 0.1382360780516598
 0.002085708476579894
 0.007758227064599416
 -0.03580635208057185
 0.007425997601605856
 0.3646081869490825


