# Created by Octave 4.2.2, Mon Apr 20 09:22:46 2020 UTC <meike@brain09>
# name: omega
# type: matrix
# rows: 5
# columns: 1
 0.01056495815154981
 0.008733083959247476
 -0.005852193900586874
 0.003940118194331418
 0.3705442537578599


