# Created by Octave 4.2.2, Mon Mar 09 02:51:14 2020 CET <meike@Irmchen>
# name: omega
# type: matrix
# rows: 6
# columns: 1
 0.1338741526759287
 0.002810081482440244
 0.004730351984571532
 -0.03413183029966482
 0.009489067521491989
 0.4641852777460375


