# Created by Octave 4.2.2, Sat May 02 10:07:49 2020 UTC <meike@brain09>
# name: omega
# type: matrix
# rows: 6
# columns: 1
 0.1382292184461801
 0.003237073384734634
 0.001480952199735073
 -0.03538575051779196
 0.002517260340503527
 0.3648354666813003


