# Created by Octave 4.2.2, Tue Feb 04 14:13:42 2020 CET <meike@Irmchen>
# name: omega
# type: matrix
# rows: 6
# columns: 1
 0.1338741076734229
 0.005796786702376436
 0.007942653417251627
 -0.03414066316610836
 0.01041401152798207
 0.4641803079464329


