# Created by Octave 4.2.2, Wed Jan 22 23:49:26 2020 CET <meike@Irmchen>
# name: omega
# type: matrix
# rows: 3
# columns: 1
 0.3593603650768512
 0.05439360954222913
 0.03311447210401273


