# Created by Octave 4.2.2, Wed Mar 04 21:44:49 2020 CET <meike@Irmchen>
# name: omega
# type: matrix
# rows: 3
# columns: 1
 0.3593601027665882
 0.0543935780965273
 0.0331144610580018


