# Created by Octave 4.2.2, Sat May 09 07:25:34 2020 UTC <meike@brain09>
# name: omega
# type: matrix
# rows: 6
# columns: 1
 -0.3940967486885422
 -0.02786055734638411
 0.0154269646603925
 -0.03889437326559756
 0.0628076848703164
 0.02786284245187319


