# Created by Octave 4.2.2, Thu Apr 30 08:20:07 2020 UTC <meike@brain09>
# name: omega
# type: matrix
# rows: 6
# columns: 1
 -0.3940978999632451
 -0.03218035860654347
 0.01548131200213052
 -0.03929074750190015
 0.06708894448647988
 0.02791691885439515


