# Created by Octave 4.2.2, Thu Mar 05 19:52:21 2020 CET <meike@Irmchen>
# name: omega
# type: matrix
# rows: 6
# columns: 1
 -0.4021952144056786
 -0.1118331157204193
 0.01606253120427812
 -0.03906891270426596
 0.1461726180448171
 0.0288847772755984


