# Created by Octave 4.2.2, Sat Apr 18 07:56:53 2020 UTC <meike@brain09>
# name: omega
# type: matrix
# rows: 5
# columns: 1
 -0.02742644073316773
 0.001263333974113074
 -0.09487018721861425
 0.05601910771893303
 0.02673727852002723


