# Created by Octave 4.2.2, Fri Jan 31 18:28:33 2020 CET <meike@Irmchen>
# name: omega
# type: matrix
# rows: 6
# columns: 1
 -0.4021922973772542
 -0.1100607405937447
 0.01606054942705698
 -0.03906956322972366
 0.144414885246035
 0.02886467927080656


