# Created by Octave 4.2.2, Fri Apr 17 23:01:07 2020 UTC <meike@brain09>
# name: omega
# type: matrix
# rows: 6
# columns: 1
 -0.0155971780779616
 -0.0254554128013864
 0.0005112321259122767
 -0.0941619160819518
 0.05445019410106448
 0.02641289200212371


