# Created by Octave 4.2.2, Mon Apr 27 14:39:33 2020 UTC <meike@brain09>
# name: omega
# type: matrix
# rows: 6
# columns: 1
 -0.01564041058674326
 -0.02614665316870367
 0.0001455722366507052
 -0.09071877807475658
 0.05513851730459127
 0.02642065744291487


