# Created by Octave 4.2.2, Fri Jan 24 01:25:07 2020 CET <meike@Irmchen>
# name: omega
# type: matrix
# rows: 6
# columns: 1
 -0.0147767456784604
 -0.09461278233543839
 0.007573162433774163
 -0.1587570177217466
 0.1230374272326496
 0.02717986398409579


