# Created by Octave 4.2.2, Tue Apr 28 16:00:59 2020 UTC <meike@brain09>
# name: omega
# type: matrix
# rows: 6
# columns: 1
 -0.01563839089335258
 -0.02532940681305967
 0.0001617745153652863
 -0.09085061479247938
 0.05432880774468585
 0.02641094418111523


