# Created by Octave 4.2.2, Wed Apr 29 23:18:58 2020 UTC <meike@brain09>
# name: omega
# type: matrix
# rows: 6
# columns: 1
 -0.0156393505897962
 -0.0273932728996991
 0.0001575045142202644
 -0.09085043505715423
 0.05637332843090706
 0.02643549410342775


