# Created by Octave 4.2.2, Wed Mar 04 18:45:12 2020 CET <meike@Irmchen>
# name: omega
# type: matrix
# rows: 6
# columns: 1
 -0.01477552602686852
 -0.09632657576546003
 0.007586847421143258
 -0.1588750063564442
 0.1247376455270894
 0.0271980576011481


