# Created by Octave 4.2.2, Fri May 08 22:24:52 2020 UTC <meike@brain09>
# name: omega
# type: matrix
# rows: 6
# columns: 1
 -0.01560712267056247
 -0.02751306369895108
 0.0004313199953571821
 -0.09344071348951877
 0.05648931694216019
 0.02643726511528187


