# Created by Octave 4.2.2, Sat Jan 18 13:24:00 2020 CET <meike@Irmchen>
# name: omega
# type: matrix
# rows: 4
# columns: 1
 0.2194076512685073
 0.009732110851941337
 0.1936316288855283
 0.1729110867024344


