# Created by Octave 4.2.2, Wed Mar 04 14:50:09 2020 CET <meike@Irmchen>
# name: omega
# type: matrix
# rows: 3
# columns: 1
 -0.04611973769159216
 0.07016997209552961
 0.04201932037510205


