# Created by Octave 4.2.2, Tue Jan 21 21:18:48 2020 CET <meike@Irmchen>
# name: omega
# type: matrix
# rows: 3
# columns: 1
 0.003513736862437747
 0.07059728944273228
 0.05306635135634773


