# Created by Octave 4.2.2, Tue Jan 21 13:16:25 2020 CET <meike@Irmchen>
# name: omega
# type: matrix
# rows: 5
# columns: 1
 -0.02255383104955664
 0.08376151966432245
 0.00395870976605353
 0.08776921452461313
 0.08645140574924216


