# Created by Octave 4.2.2, Mon Jan 20 11:57:10 2020 CET <meike@Irmchen>
# name: omega
# type: matrix
# rows: 5
# columns: 1
 -0.1390609379305927
 0.2150818916145927
 0.01029330292945243
 0.1779476350960877
 0.1868793930915545


