# Created by Octave 4.2.2, Mon Apr 20 00:19:03 2020 UTC <meike@brain09>
# name: omega
# type: matrix
# rows: 6
# columns: 1
 -0.3838091433312277
 -0.02858720512406228
 0.01460315180381328
 -0.03114036094463719
 0.06439147242411214
 0.02581580874631596


