# Created by Octave 4.2.2, Sun Mar 08 13:10:20 2020 CET <meike@Irmchen>
# name: omega
# type: matrix
# rows: 6
# columns: 1
 -0.3838493850171217
 -0.101379265403993
 0.01535498020067706
 -0.03659732955668612
 0.1365623063990824
 0.0266762023163759


