# Created by Octave 4.2.2, Sat May 02 00:59:24 2020 UTC <meike@brain09>
# name: omega
# type: matrix
# rows: 6
# columns: 1
 -0.3837948567804552
 -0.02607130640812955
 0.01468635109031669
 -0.03185578213942834
 0.06189811260500656
 0.02578431931346147


