# Created by Octave 4.2.2, Tue Jan 21 01:20:27 2020 CET <meike@Irmchen>
# name: omega
# type: matrix
# rows: 5
# columns: 1
 0.186029748862961
 0.226151713736866
 0.00537014454017727
 0.1842968899691042
 0.1951426494503602


