# Created by Octave 4.2.2, Fri May 01 12:11:14 2020 UTC <meike@brain09>
# name: omega
# type: matrix
# rows: 6
# columns: 1
 -0.399919951773978
 -0.02950225005020956
 0.01488688762361168
 -0.0300779212952871
 0.0645167082277799
 0.02790199598530272


