# Created by Octave 4.2.2, Sun May 10 11:16:01 2020 UTC <meike@brain09>
# name: omega
# type: matrix
# rows: 6
# columns: 1
 -0.3999211555368901
 -0.0291741599485452
 0.01487310904928236
 -0.02996498918526124
 0.06419153588261353
 0.02789791084855742


