# Created by Octave 4.2.2, Sun Apr 19 17:11:36 2020 UTC <meike@brain09>
# name: omega
# type: matrix
# rows: 5
# columns: 1
 -0.02077365209565779
 0.0007766576288119198
 -0.08510841161912978
 0.05037144667571083
 0.02472444537560179


