# Created by Octave 4.2.2, Sun May 10 16:55:59 2020 UTC <meike@brain09>
# name: omega
# type: matrix
# rows: 5
# columns: 1
 -0.0248470800793581
 0.0007735535272300061
 -0.08505887610989152
 0.05441012885649037
 0.02477209605503187


