# Created by Octave 4.2.2, Fri May 01 17:51:15 2020 UTC <meike@brain09>
# name: omega
# type: matrix
# rows: 5
# columns: 1
 -0.02264900123574111
 0.0007035119409890891
 -0.08448890845077783
 0.05223051582126367
 0.02474657024377565


