# Created by Octave 4.2.2, Sun Mar 08 04:40:38 2020 CET <meike@Irmchen>
# name: omega
# type: matrix
# rows: 5
# columns: 1
 -0.08749226486851992
 0.00249281154281569
 -0.09895344260397142
 0.116545251929384
 0.02547017498486043


