# Created by Octave 4.2.2, Mon Feb 03 15:46:49 2020 CET <meike@Irmchen>
# name: omega
# type: matrix
# rows: 5
# columns: 1
 -0.08784566891826794
 0.002492517091487606
 -0.09894951399858624
 0.1168958308743509
 0.02547397549615261


