# Created by Octave 4.2.2, Sat Jan 18 00:52:54 2020 CET <meike@Irmchen>
# name: omega
# type: matrix
# rows: 4
# columns: 1
 0.1938102544090892
 0.007245755082210183
 0.2214251631073021
 0.1696578258744247


