# Created by Octave 4.2.2, Fri Apr 17 15:37:49 2020 UTC <meike@brain09>
# name: omega
# type: matrix
# rows: 5
# columns: 1
 -0.03013099087919713
 0.0144744470507242
 -0.03456807495507545
 0.06784796624376707
 0.02990262607888347


