# Created by Octave 4.2.2, Fri May 08 14:57:39 2020 UTC <meike@brain09>
# name: omega
# type: matrix
# rows: 6
# columns: 1
 -0.160471010765323
 -0.0351322688757402
 0.02086826908078972
 -0.007688339036511571
 0.07568628264871903
 0.03047060820373545


