# Created by Octave 4.2.2, Wed Mar 04 03:09:36 2020 CET <meike@Irmchen>
# name: omega
# type: matrix
# rows: 6
# columns: 1
 -0.166232755491966
 -0.1231001210693661
 0.02070720411274551
 -0.001501599220661774
 0.1630150714636165
 0.03150727829344144


