# Created by Octave 4.2.2, Thu Jan 23 12:40:49 2020 CET <meike@Irmchen>
# name: omega
# type: matrix
# rows: 6
# columns: 1
 -0.166227330250672
 -0.1234488149773723
 0.02075862561254762
 -0.002000861114411093
 0.1633609035594596
 0.03151095963051343


