# Created by Octave 4.2.2, Wed Apr 29 15:52:21 2020 UTC <meike@brain09>
# name: omega
# type: matrix
# rows: 6
# columns: 1
 -0.1604962561844686
 -0.03311360148251789
 0.02062088917498671
 -0.005292365657983376
 0.07368559827294308
 0.03044649153559479


