# Created by Octave 4.2.2, Fri May 01 19:34:54 2020 UTC <meike@brain09>
# name: omega
# type: matrix
# rows: 6
# columns: 1
 -0.1643892893550007
 -0.03218732731719431
 0.02172573109815715
 -0.009953351401527791
 0.07396650128594902
 0.02816050332273644


