# Created by Octave 4.2.2, Sun Apr 19 18:55:27 2020 UTC <meike@brain09>
# name: omega
# type: matrix
# rows: 5
# columns: 1
 -0.02981240863298672
 0.01508490250639766
 -0.03466351719338937
 0.06863795583796659
 0.02765844089660787


