# Created by Octave 4.2.2, Mon Feb 03 16:53:36 2020 CET <meike@Irmchen>
# name: omega
# type: matrix
# rows: 6
# columns: 1
 -0.1644978033921522
 -0.1127111555181953
 0.02197001435195154
 -0.01155428439795373
 0.1538188754975803
 0.02908715910108596


