# Created by Octave 4.2.2, Sun May 10 18:40:27 2020 UTC <meike@brain09>
# name: omega
# type: matrix
# rows: 6
# columns: 1
 -0.1643939311686361
 -0.02952451559352376
 0.02164524947392867
 -0.009295720327899383
 0.07132671417081544
 0.02812838712118077


