# Created by Octave 4.2.2, Sun Mar 08 05:48:27 2020 CET <meike@Irmchen>
# name: omega
# type: matrix
# rows: 6
# columns: 1
 -0.1645016613305815
 -0.1151743663103046
 0.02197095678079011
 -0.01155180330190364
 0.1562623621618687
 0.02911403930441834


