# Created by Octave 4.2.2, Sat Jan 18 10:16:39 2020 CET <meike@Irmchen>
# name: omega
# type: matrix
# rows: 4
# columns: 1
 0.2259860977347669
 0.006500570953967635
 0.187680655578501
 0.1778919369526532


