# Created by Octave 4.2.2, Fri Jan 17 18:15:52 2020 CET <meike@Irmchen>
# name: omega
# type: matrix
# rows: 4
# columns: 1
 0.2259860977347669
 0.006500570953967642
 0.1876806555785011
 0.1778919369526532


