# Created by Octave 4.2.2, Tue Jan 21 16:12:25 2020 CET <meike@Irmchen>
# name: omega
# type: matrix
# rows: 5
# columns: 1
 0.1381435509609536
 0.084552363538085
 0.001960039877459017
 0.09628237096190098
 0.08724546170044616


