# Created by Octave 4.2.2, Sat Apr 18 20:45:28 2020 UTC <meike@brain09>
# name: omega
# type: matrix
# rows: 5
# columns: 1
 -0.02985507407025967
 0.001392365407141534
 -0.09644897358141345
 0.05842635015522998
 0.02676564789440211


