# Created by Octave 4.2.2, Sat May 09 20:21:01 2020 UTC <meike@brain09>
# name: omega
# type: matrix
# rows: 6
# columns: 1
 -0.3949139799378114
 -0.03223626992664273
 0.01575838799855354
 -0.04213551701348583
 0.06715487325337295
 0.0279190878646046


