# Created by Octave 4.2.2, Fri Mar 06 15:42:58 2020 CET <meike@Irmchen>
# name: omega
# type: matrix
# rows: 6
# columns: 1
 -0.4030160388290207
 -0.1106262680951682
 0.01646268449351197
 -0.04294858976282789
 0.1449866781905357
 0.02887230926476572


