# Created by Octave 4.2.2, Thu Apr 30 21:16:52 2020 UTC <meike@brain09>
# name: omega
# type: matrix
# rows: 6
# columns: 1
 -0.3949153587259372
 -0.03299621355048309
 0.01575746665027051
 -0.04212942354715347
 0.0679080039840487
 0.02792860501521802


