# Created by Octave 4.2.2, Sat Feb 01 18:50:56 2020 CET <meike@Irmchen>
# name: omega
# type: matrix
# rows: 6
# columns: 1
 -0.4030174566501333
 -0.1115674517432279
 0.01646474508134377
 -0.04295648808489098
 0.1459200890377154
 0.02888297758851122


