# Created by Octave 4.2.2, Mon Apr 20 13:04:56 2020 UTC <meike@brain09>
# name: omega
# type: matrix
# rows: 6
# columns: 1
 -0.3845495513588576
 0.003251705161370251
 0.006118403412793022
 -0.04533498588359373
 0.003574276886749329
 0.3199427791927443


