# Created by Octave 4.2.2, Sat May 02 13:51:04 2020 UTC <meike@brain09>
# name: omega
# type: matrix
# rows: 6
# columns: 1
 -0.3845432000029658
 0.009058079219602121
 0.009291173167816264
 -0.04575613157645159
 0.01075788451582897
 0.320015328441865


