# Created by Octave 4.2.2, Tue Feb 04 20:42:47 2020 CET <meike@Irmchen>
# name: omega
# type: matrix
# rows: 6
# columns: 1
 -0.3846956857124404
 0.01014889740407221
 0.006448463803458628
 -0.0509845452586981
 0.005553255832304717
 0.412235722852641


