# Created by Octave 4.2.2, Fri Apr 17 21:03:15 2020 UTC <meike@brain09>
# name: omega
# type: matrix
# rows: 6
# columns: 1
 -0.3915165293028421
 -0.03159128307195497
 0.01543124805208962
 -0.04132668028775002
 0.06646374916252673
 0.02790754551425204


