# Created by Octave 4.2.2, Thu Jan 23 20:20:07 2020 CET <meike@Irmchen>
# name: omega
# type: matrix
# rows: 6
# columns: 1
 -0.3913267140889002
 -0.1096565652673672
 0.0182741115403586
 -0.06789662942764063
 0.1438562506574504
 0.02883035192478897


