# Created by Octave 4.2.2, Wed Apr 29 21:21:26 2020 UTC <meike@brain09>
# name: omega
# type: matrix
# rows: 6
# columns: 1
 -0.3915507640976706
 -0.03255747641726832
 0.01515562375257804
 -0.03863381484598249
 0.0674215604276715
 0.02792041686117515


