# Created by Octave 4.2.2, Mon Apr 27 12:42:19 2020 UTC <meike@brain09>
# name: omega
# type: matrix
# rows: 6
# columns: 1
 -0.3915456559436097
 -0.02879033954414082
 0.01513589931785394
 -0.03850814056530917
 0.06368807342249269
 0.02787322539129166


