# Created by Octave 4.2.2, Mon Jan 20 23:48:55 2020 CET <meike@Irmchen>
# name: omega
# type: matrix
# rows: 5
# columns: 1
 0.186029748862961
 0.226151713736866
 0.005370144540177281
 0.1842968899691042
 0.1951426494503602


