# Created by Octave 4.2.2, Tue Jan 21 11:28:34 2020 CET <meike@Irmchen>
# name: omega
# type: matrix
# rows: 5
# columns: 1
 0.158099796493221
 0.09232080735944398
 0.003343831646209343
 0.07715902880262931
 0.08580093149657947


