# Created by Octave 4.2.2, Fri May 01 06:42:06 2020 UTC <meike@brain09>
# name: omega
# type: matrix
# rows: 6
# columns: 1
 -0.1606733741060571
 -0.03239386738459601
 0.02104116649290516
 -0.009092799490401902
 0.07297688483915662
 0.03043525682820461


