# Created by Octave 4.2.2, Sun May 10 05:45:57 2020 UTC <meike@brain09>
# name: omega
# type: matrix
# rows: 6
# columns: 1
 -0.1606787044281388
 -0.03132382454013372
 0.02098335405197485
 -0.008621613777655329
 0.0719161247050709
 0.03042227521141091


