# Created by Octave 4.2.2, Sun Apr 19 06:05:43 2020 UTC <meike@brain09>
# name: omega
# type: matrix
# rows: 5
# columns: 1
 -0.02952292053910488
 0.01426627635395244
 -0.03068954754644142
 0.06724998938899536
 0.02989315559438922


