# Created by Octave 4.2.2, Sun Feb 02 16:37:36 2020 CET <meike@Irmchen>
# name: omega
# type: matrix
# rows: 6
# columns: 1
 -0.1664267671839962
 -0.1229235520343375
 0.0210696796309507
 -0.005178107589252866
 0.1628438511565207
 0.03150323938744609


