# Created by Octave 4.2.2, Sat Mar 07 09:36:15 2020 CET <meike@Irmchen>
# name: omega
# type: matrix
# rows: 6
# columns: 1
 -0.1664297110612725
 -0.1247445066800983
 0.02107068016197773
 -0.005178789000017068
 0.1646502097308673
 0.03152316495351885


