# Created by Octave 4.2.2, Fri May 08 16:42:40 2020 UTC <meike@brain09>
# name: omega
# type: matrix
# rows: 6
# columns: 1
 0.1325834986711413
 -0.03177051563309392
 0.01624860369636251
 -0.0194915990215529
 0.07192428323145544
 0.02981711861660511


