# Created by Octave 4.2.2, Thu Jan 23 13:50:55 2020 CET <meike@Irmchen>
# name: omega
# type: matrix
# rows: 6
# columns: 1
 0.1284238104505992
 -0.1163392029250405
 0.01744228062983554
 -0.0273079651985778
 0.1559002233405684
 0.03075693923794867


