# Created by Octave 4.2.2, Wed Mar 04 04:17:38 2020 CET <meike@Irmchen>
# name: omega
# type: matrix
# rows: 6
# columns: 1
 0.1284196873437879
 -0.1197961597048442
 0.01745284772885619
 -0.02741512906104159
 0.1593305506825464
 0.0307927326771991


