# Created by Octave 4.2.2, Fri Apr 17 17:21:37 2020 UTC <meike@brain09>
# name: omega
# type: matrix
# rows: 5
# columns: 1
 -0.03319749683924422
 0.02106919037544945
 0.01766147192971625
 0.07599489464895359
 0.03029467690268202


