# Created by Octave 4.2.2, Wed Apr 29 17:37:45 2020 UTC <meike@brain09>
# name: omega
# type: matrix
# rows: 6
# columns: 1
 0.1325966087231115
 -0.03049830378167675
 0.01634134650137677
 -0.0204042641395998
 0.07066257152666525
 0.02980217399152486


