# Created by Octave 4.2.2, Wed Apr 29 19:24:00 2020 UTC <meike@brain09>
# name: omega
# type: matrix
# rows: 6
# columns: 1
 -0.3853397939485798
 -0.03149545329413336
 0.0153377787353272
 -0.04359930998348018
 0.06628285881559694
 0.02788655703612672


