# Created by Octave 4.2.2, Fri Apr 17 19:05:06 2020 UTC <meike@brain09>
# name: omega
# type: matrix
# rows: 5
# columns: 1
 -0.02952450303737082
 0.002198829339197101
 -0.1101536002578545
 0.05808647389854557
 0.02676248811223271


