# Created by Octave 4.2.2, Wed Mar 04 05:25:36 2020 CET <meike@Irmchen>
# name: omega
# type: matrix
# rows: 6
# columns: 1
 -0.3929700350738173
 -0.1106503455762708
 0.01778302772555307
 -0.06186225757809973
 0.1448680133949804
 0.02884238935579192


