# Created by Octave 4.2.2, Thu Jan 23 15:04:04 2020 CET <meike@Irmchen>
# name: omega
# type: matrix
# rows: 6
# columns: 1
 -0.3929714287971491
 -0.1115870121504052
 0.0177852799898568
 -0.06187373910740075
 0.1457969496834465
 0.02885298786411239


