# Created by Octave 4.2.2, Fri May 08 18:29:19 2020 UTC <meike@brain09>
# name: omega
# type: matrix
# rows: 6
# columns: 1
 -0.3853678846341452
 -0.03195900267762753
 0.01510434799129193
 -0.04133761087130251
 0.06674244308723201
 0.0278930144006903


