# Created by Octave 4.2.2, Sun Apr 19 09:33:00 2020 UTC <meike@brain09>
# name: omega
# type: matrix
# rows: 5
# columns: 1
 -0.02825669845056838
 0.000495699417829374
 -0.08641717345141151
 0.05684460253307938
 0.02674660209964015


