# Created by Octave 4.2.2, Fri May 01 10:13:22 2020 UTC <meike@brain09>
# name: omega
# type: matrix
# rows: 6
# columns: 1
 -0.39369737305457
 -0.02994354045804816
 0.01478917838502839
 -0.03209404022521605
 0.06486844499226659
 0.02788771079070845


