# Created by Octave 4.2.2, Sat Mar 07 11:52:35 2020 CET <meike@Irmchen>
# name: omega
# type: matrix
# rows: 6
# columns: 1
 -0.4017875691615428
 -0.1100730357301651
 0.01533739769048424
 -0.03160383386615789
 0.1444232252223147
 0.02886372706118785


