# Created by Octave 4.2.2, Sun Feb 02 19:22:21 2020 CET <meike@Irmchen>
# name: omega
# type: matrix
# rows: 6
# columns: 1
 -0.4017893537580719
 -0.111079534451999
 0.01533753661216433
 -0.03159539615871024
 0.1454214041023391
 0.02887514878475006


