# Created by Octave 4.2.2, Sun May 10 09:17:45 2020 UTC <meike@brain09>
# name: omega
# type: matrix
# rows: 6
# columns: 1
 -0.3936893897489828
 -0.02919453507137472
 0.01484042716010578
 -0.03252215825443872
 0.06412626845568983
 0.02787813994012063


