# Created by Octave 4.2.2, Sat May 09 09:23:04 2020 UTC <meike@brain09>
# name: omega
# type: matrix
# rows: 6
# columns: 1
 -0.4003398604964858
 -0.03058192197866901
 0.01544393191354604
 -0.03617466453861513
 0.06559011561698246
 0.02791714589264438


