# Created by Octave 4.2.2, Sat Feb 01 00:43:56 2020 CET <meike@Irmchen>
# name: omega
# type: matrix
# rows: 6
# columns: 1
 -0.4003855601369082
 -0.1119452353914239
 0.01624443500618666
 -0.04180600363280688
 0.1462560039662986
 0.02888556696958848


