# Created by Octave 4.2.2, Tue Apr 28 21:40:32 2020 UTC <meike@brain09>
# name: omega
# type: matrix
# rows: 6
# columns: 1
 -0.4003449236524436
 -0.03191795591578119
 0.01542504539359225
 -0.03600535925537076
 0.06691415158438331
 0.0279339731049635


