# Created by Octave 4.2.2, Fri Mar 06 20:57:31 2020 CET <meike@Irmchen>
# name: omega
# type: matrix
# rows: 6
# columns: 1
 -0.4011918309911771
 -0.1123781083282003
 0.01664606096591253
 -0.04568686739820741
 0.1466960237745571
 0.0288916383205132


