# Created by Octave 4.2.2, Sat Apr 18 22:42:22 2020 UTC <meike@brain09>
# name: omega
# type: matrix
# rows: 6
# columns: 1
 -0.4011399969371559
 -0.02815779180224154
 0.01583019290968788
 -0.03995687248624408
 0.06319844833198403
 0.02788777030095304


