# Created by Octave 4.2.2, Wed Apr 29 05:20:06 2020 UTC <meike@brain09>
# name: omega
# type: matrix
# rows: 6
# columns: 1
 -0.4011429785979548
 -0.03078613813653053
 0.01584640055928321
 -0.04005997712189801
 0.06580327269050887
 0.02792078402705124


