# Created by Octave 4.2.2, Tue Apr 28 03:58:47 2020 UTC <meike@brain09>
# name: omega
# type: matrix
# rows: 6
# columns: 1
 -0.4011462219218896
 -0.03146947749433517
 0.01583256567562983
 -0.03993104427204585
 0.06648048436185069
 0.02792940435940053


