# Created by Octave 4.2.2, Wed Apr 29 14:07:15 2020 UTC <meike@brain09>
# name: omega
# type: matrix
# rows: 5
# columns: 1
 -0.02519756029071492
 0.002435894293941729
 -0.1131003201602366
 0.05379294696751654
 0.02671635981286704


