# Created by Octave 4.2.2, Tue Apr 28 12:04:03 2020 UTC <meike@brain09>
# name: omega
# type: matrix
# rows: 5
# columns: 1
 -0.02856345786632778
 0.002803716489726887
 -0.1166216189666636
 0.05713037922676911
 0.02675521544843507


