# Created by Octave 4.2.2, Mon Apr 27 10:44:56 2020 UTC <meike@brain09>
# name: omega
# type: matrix
# rows: 5
# columns: 1
 -0.02557975363518608
 0.002732634593302181
 -0.1159662848172476
 0.05417212404157371
 0.02672027244127788


