# Created by Octave 4.2.2, Thu Jan 23 11:31:31 2020 CET <meike@Irmchen>
# name: omega
# type: matrix
# rows: 5
# columns: 1
 -0.09292734263435973
 0.01159067689693725
 -0.200991643846485
 0.1209695095981841
 0.02746213517050365


