# Created by Octave 4.2.2, Wed Mar 04 02:01:26 2020 CET <meike@Irmchen>
# name: omega
# type: matrix
# rows: 5
# columns: 1
 -0.0967977159066998
 0.0115889229766824
 -0.2009561467346423
 0.1248089154393586
 0.02750380686376205


