# Created by Octave 4.2.2, Fri Apr 17 13:53:08 2020 UTC <meike@brain09>
# name: omega
# type: matrix
# rows: 5
# columns: 1
 -0.02820829546534106
 0.002704793675009785
 -0.1156756408139737
 0.05677814794005912
 0.02675124656321888


