# Created by Octave 4.2.2, Fri May 08 13:11:52 2020 UTC <meike@brain09>
# name: omega
# type: matrix
# rows: 5
# columns: 1
 -0.02881024821070863
 0.002608670000322008
 -0.1147492767190053
 0.0573748561053058
 0.02675850770986859


