# Created by Octave 4.2.2, Wed Apr 29 03:22:01 2020 UTC <meike@brain09>
# name: omega
# type: matrix
# rows: 5
# columns: 1
 -0.02565618999373174
 0.00159786933683075
 -0.09878186700871479
 0.05426041368987645
 0.02672098788693787


