# Created by Octave 4.2.2, Tue Apr 28 02:01:23 2020 UTC <meike@brain09>
# name: omega
# type: matrix
# rows: 5
# columns: 1
 -0.02776965411254068
 0.001515839095645323
 -0.09810749889197977
 0.05635541725816698
 0.02674607510213396


