# Created by Octave 4.2.2, Fri Mar 06 12:15:23 2020 CET <meike@Irmchen>
# name: omega
# type: matrix
# rows: 5
# columns: 1
 -0.09488103967320113
 0.003443029296687452
 -0.1134038317285007
 0.1229198768301996
 0.02749636565867009


