# Created by Octave 4.2.2, Sat May 09 15:04:44 2020 UTC <meike@brain09>
# name: omega
# type: matrix
# rows: 5
# columns: 1
 -0.02650138785159747
 0.001616551932153011
 -0.09892395803531846
 0.05509845926073199
 0.02673089104247234


