# Created by Octave 4.2.2, Thu Apr 30 16:00:15 2020 UTC <meike@brain09>
# name: omega
# type: matrix
# rows: 5
# columns: 1
 -0.02604521265718574
 0.001651353609936304
 -0.09921382715855535
 0.05464633110988672
 0.02672543073778852


