# Created by Octave 4.2.2, Sat Feb 01 14:42:54 2020 CET <meike@Irmchen>
# name: omega
# type: matrix
# rows: 5
# columns: 1
 -0.09521863336621481
 0.003443010872049574
 -0.113402295399853
 0.1232547701863661
 0.02750000178555174


