# Created by Octave 4.2.2, Sat Apr 18 15:34:33 2020 UTC <meike@brain09>
# name: omega
# type: matrix
# rows: 5
# columns: 1
 -0.02688967217994183
 0.001660126280593411
 -0.09927528067249293
 0.05548360546519805
 0.02673534606547853


