# Created by Octave 4.2.2, Mon Jan 20 14:21:56 2020 CET <meike@Irmchen>
# name: omega
# type: matrix
# rows: 5
# columns: 1
 -0.150071579951903
 0.208123118561568
 0.01330378906381766
 0.1829704633833354
 0.1811233768107784


