# Created by Octave 4.2.2, Tue Jan 21 15:46:40 2020 CET <meike@Irmchen>
# name: omega
# type: matrix
# rows: 5
# columns: 1
 0.07394586211822109
 0.09774796608748072
 0.006308400694980248
 0.07943128981069363
 0.08611343828426087


