# Created by Octave 4.2.2, Wed Mar 11 16:01:52 2020 CET <meike@Irmchen>
# name: omega
# type: matrix
# rows: 6
# columns: 1
 0.04811446834993845
 -0.09742983471300723
 -0.01530666131075059
 -0.0710468492435711
 0.1237521305665502
 0.02574693318354285


