# Created by Octave 4.2.2, Sun Apr 19 15:26:59 2020 UTC <meike@brain09>
# name: omega
# type: matrix
# rows: 6
# columns: 1
 -0.001369612856714265
 -0.02209032235754311
 -0.003751709665541571
 -0.01694165564003428
 0.0515979221708285
 0.02521580197171101


