# Created by Octave 4.2.2, Mon Feb 03 14:27:36 2020 CET <meike@Irmchen>
# name: omega
# type: matrix
# rows: 6
# columns: 1
 0.2066020652322632
 -0.08996975387968133
 -0.02605117048003081
 -0.08109475952043989
 0.1149908390568543
 0.02644991859458623


