# Created by Octave 4.2.2, Fri May 01 16:07:03 2020 UTC <meike@brain09>
# name: omega
# type: matrix
# rows: 6
# columns: 1
 -0.008127544389206137
 -0.02624402964939035
 -0.008393720523535925
 -0.03740294078886659
 0.05491846167761588
 0.02613612658914229


