# Created by Octave 4.2.2, Sun May 10 15:11:44 2020 UTC <meike@brain09>
# name: omega
# type: matrix
# rows: 6
# columns: 1
 0.003966574917880836
 -0.02511780750084551
 -0.00219142258013298
 -0.01455616381691589
 0.05510664960603637
 0.02425592206918629


