# Created by Octave 4.2.2, Tue Jan 21 00:34:40 2020 CET <meike@Irmchen>
# name: omega
# type: matrix
# rows: 5
# columns: 1
 0.1860297488629609
 0.226151713736866
 0.005370144540177342
 0.1842968899691042
 0.1951426494503602


