# Created by Octave 4.2.2, Sat Apr 18 19:01:48 2020 UTC <meike@brain09>
# name: omega
# type: matrix
# rows: 5
# columns: 1
 -0.03090243628436127
 0.02281132552122066
 -0.00207745847166271
 0.07371458781718521
 0.0302650076406719


