# Created by Octave 4.2.2, Fri Mar 06 14:35:22 2020 CET <meike@Irmchen>
# name: omega
# type: matrix
# rows: 6
# columns: 1
 0.1293992919021209
 -0.1161732973460899
 0.01769570553859104
 -0.03034600082830793
 0.1557158031237513
 0.03075090823179672


