# Created by Octave 4.2.2, Sat May 09 18:35:14 2020 UTC <meike@brain09>
# name: omega
# type: matrix
# rows: 6
# columns: 1
 0.1336633698950501
 -0.02941064091919775
 0.01737389565895767
 -0.03116805281914183
 0.06956259323761529
 0.02978380865471574


