# Created by Octave 4.2.2, Sat Feb 01 17:28:29 2020 CET <meike@Irmchen>
# name: omega
# type: matrix
# rows: 6
# columns: 1
 0.1293957910103234
 -0.1183166821775214
 0.0176943224908032
 -0.03033655384998051
 0.1578426761000981
 0.0307731384440788


