# Created by Octave 4.2.2, Thu Apr 30 19:31:15 2020 UTC <meike@brain09>
# name: omega
# type: matrix
# rows: 6
# columns: 1
 0.1336514780412119
 -0.03050829876974596
 0.01729376652589727
 -0.0305059115002116
 0.07065091301649991
 0.02979678252154579


