# Created by Octave 4.2.2, Mon Apr 20 11:06:17 2020 UTC <meike@brain09>
# name: omega
# type: matrix
# rows: 5
# columns: 1
 0.005196591154764442
 0.005234836072932122
 -0.100109305050048
 0.00844534644745824
 0.3091390069944777


