# Created by Octave 4.2.2, Mon Mar 09 03:58:17 2020 CET <meike@Irmchen>
# name: omega
# type: matrix
# rows: 6
# columns: 1
 -0.3861606426575189
 0.01000063874177906
 0.001763264797852004
 -0.04828159645603295
 0.01083223037495498
 0.4114779948800159


