# Created by Octave 4.2.2, Sat May 02 11:53:35 2020 UTC <meike@brain09>
# name: omega
# type: matrix
# rows: 6
# columns: 1
 -0.3783730796065365
 0.002401878910207495
 0.005875768932768598
 -0.04872200584649354
 0.009919081377076174
 0.3194021892682307


