# Created by Octave 4.2.2, Tue Feb 04 15:20:27 2020 CET <meike@Irmchen>
# name: omega
# type: matrix
# rows: 6
# columns: 1
 -0.3861604508847557
 0.01048199302820874
 0.003002931191572483
 -0.04829008985496604
 0.01114173371236094
 0.4114336153416412


