# Created by Octave 4.2.2, Mon May 11 10:56:22 2020 UTC <meike@brain09>
# name: omega
# type: matrix
# rows: 6
# columns: 1
 -0.3783884971850573
 0.003626161627547695
 -4.623312224715136e-05
 -0.04778829637424978
 0.005811024593569091
 0.3195919201701197


