# Created by Octave 4.2.2, Wed Jan 22 00:13:28 2020 CET <meike@Irmchen>
# name: omega
# type: matrix
# rows: 3
# columns: 1
 0.003560959339603859
 0.04281874395185082
 0.01725601209657076


