# Created by Octave 4.2.2, Wed Mar 04 21:12:59 2020 CET <meike@Irmchen>
# name: omega
# type: matrix
# rows: 3
# columns: 1
 0.03696832864714514
 0.0555692099296073
 0.03306663232450296


