# Created by Octave 4.2.2, Tue Jan 21 14:56:06 2020 CET <meike@Irmchen>
# name: omega
# type: matrix
# rows: 5
# columns: 1
 0.1467787444678798
 0.09523064326145662
 0.001978346029609642
 0.07720418185650461
 0.0880208148904487


