# Created by Octave 4.2.2, Mon Jan 20 18:27:49 2020 CET <meike@Irmchen>
# name: omega
# type: matrix
# rows: 5
# columns: 1
 0.1094852887191422
 0.1879273553265813
 0.01006598326143943
 0.2147644574742054
 0.1723844946294389


