# Created by Octave 4.2.2, Sun Feb 02 17:59:49 2020 CET <meike@Irmchen>
# name: omega
# type: matrix
# rows: 6
# columns: 1
 0.1286441411271052
 -0.1181463273228744
 0.01663483001427078
 -0.01861041577035144
 0.1576914082966935
 0.0307738431639302


