# Created by Octave 4.2.2, Fri May 01 08:28:12 2020 UTC <meike@brain09>
# name: omega
# type: matrix
# rows: 6
# columns: 1
 0.1329330726802308
 -0.0296495668658963
 0.01646129749635081
 -0.02066769440907664
 0.0698175046641076
 0.02978836937644735


