# Created by Octave 4.2.2, Sat Mar 07 10:44:17 2020 CET <meike@Irmchen>
# name: omega
# type: matrix
# rows: 6
# columns: 1
 0.12864248704709
 -0.1192428757636898
 0.01663519569187443
 -0.01861444489991137
 0.1587795222484657
 0.03078519408315955


