# Created by Octave 4.2.2, Sun Apr 19 07:49:26 2020 UTC <meike@brain09>
# name: omega
# type: matrix
# rows: 5
# columns: 1
 -0.03306607090258237
 0.02190616836865981
 0.007933679970514276
 0.07586269110922426
 0.03029003891810701


