# Created by Octave 4.2.2, Sun May 10 07:32:01 2020 UTC <meike@brain09>
# name: omega
# type: matrix
# rows: 6
# columns: 1
 0.132923608960195
 -0.03200707708683661
 0.01641781703790585
 -0.02030798503138363
 0.07215517579399806
 0.02981582469602883


