# Created by Octave 4.2.2, Wed Jan 22 00:01:00 2020 CET <meike@Irmchen>
# name: omega
# type: matrix
# rows: 2
# columns: 1
 0.1850990526101705
 0.06946824873933045


