# Created by Octave 4.2.2, Wed Mar 04 20:41:21 2020 CET <meike@Irmchen>
# name: omega
# type: matrix
# rows: 2
# columns: 1
 0.2157608269503081
 0.1255331779960385


