# Created by Octave 4.2.2, Mon Jan 20 16:01:32 2020 CET <meike@Irmchen>
# name: omega
# type: matrix
# rows: 5
# columns: 1
 0.1009973786309066
 0.2105248688473443
 0.01315250018622468
 0.1819705264099312
 0.178398044213838


