# Created by Octave 4.2.2, Tue Jan 21 13:03:07 2020 CET <meike@Irmchen>
# name: omega
# type: matrix
# rows: 5
# columns: 1
 -0.05340776316796539
 0.08216610915636424
 0.005364131856800992
 0.09535880678828858
 0.0823992891763729


