# Created by Octave 4.2.2, Thu Mar 05 18:45:52 2020 CET <meike@Irmchen>
# name: omega
# type: matrix
# rows: 6
# columns: 1
 0.1289141772163495
 -0.1181957246474112
 0.01744503105896878
 -0.02737380473665624
 0.1577328944536561
 0.03077413386502309


