# Created by Octave 4.2.2, Sat May 09 05:39:55 2020 UTC <meike@brain09>
# name: omega
# type: matrix
# rows: 6
# columns: 1
 0.1331918396239738
 -0.03029201476285204
 0.01719528137371666
 -0.02880057701294461
 0.07044691408335017
 0.02979594067627334


