# Created by Octave 4.2.2, Fri Jan 31 17:07:24 2020 CET <meike@Irmchen>
# name: omega
# type: matrix
# rows: 6
# columns: 1
 0.1289139111218793
 -0.1183944696086084
 0.01744535677986375
 -0.02737667288380121
 0.1579301104988227
 0.03077619120365422


