# Created by Octave 4.2.2, Thu Apr 30 06:34:17 2020 UTC <meike@brain09>
# name: omega
# type: matrix
# rows: 6
# columns: 1
 0.1331898453739815
 -0.02804690041139199
 0.01714896744906217
 -0.02842370431719216
 0.06822057664665332
 0.02977000665034872


