# Created by Octave 4.2.2, Sat Apr 18 06:12:51 2020 UTC <meike@brain09>
# name: omega
# type: matrix
# rows: 5
# columns: 1
 -0.03050094709850648
 0.02252380391438636
 0.001057974344936577
 0.07331709595508669
 0.03026066961032953


