# Created by Octave 4.2.2, Sat Apr 18 17:17:48 2020 UTC <meike@brain09>
# name: omega
# type: matrix
# rows: 5
# columns: 1
 -0.03406020916390383
 0.01505032606173864
 -0.03960866166071346
 0.07174495945852555
 0.02994805813354305


