# Created by Octave 4.2.2, Fri Mar 06 13:22:40 2020 CET <meike@Irmchen>
# name: omega
# type: matrix
# rows: 6
# columns: 1
 -0.1674052842983632
 -0.1230855648319926
 0.02212972231048059
 -0.0158662452392116
 0.1630187194936337
 0.03150802808078661


