# Created by Octave 4.2.2, Sat Feb 01 16:05:15 2020 CET <meike@Irmchen>
# name: omega
# type: matrix
# rows: 6
# columns: 1
 -0.1674052364500515
 -0.1230466614899654
 0.02212958133417624
 -0.01586524828933539
 0.1629801280415017
 0.03150760229647323


