# Created by Octave 4.2.2, Sat May 09 16:50:31 2020 UTC <meike@brain09>
# name: omega
# type: matrix
# rows: 6
# columns: 1
 -0.1616749595782869
 -0.03461478444802578
 0.02185057757471593
 -0.0177081349867539
 0.07519201005335875
 0.03046615559911463


