# Created by Octave 4.2.2, Thu Apr 30 17:45:47 2020 UTC <meike@brain09>
# name: omega
# type: matrix
# rows: 6
# columns: 1
 -0.1616787686489159
 -0.03625529373240315
 0.02184447060577122
 -0.0176491403729538
 0.07681815878045654
 0.03048625837014187


