# Created by Octave 4.2.2, Mon Jan 20 19:14:22 2020 CET <meike@Irmchen>
# name: omega
# type: matrix
# rows: 5
# columns: 1
 -0.1299070188488809
 0.1892457651574699
 0.0095559503475026
 0.1997593813707781
 0.1845038358171415


