# Created by Octave 4.2.2, Sun Apr 19 11:30:21 2020 UTC <meike@brain09>
# name: omega
# type: matrix
# rows: 6
# columns: 1
 -0.3999212901407486
 -0.03101924261988175
 0.01489923608133471
 -0.03016198289427267
 0.06602014520258392
 0.02792101979148468


