# Created by Octave 4.2.2, Mon Feb 03 02:19:19 2020 CET <meike@Irmchen>
# name: omega
# type: matrix
# rows: 6
# columns: 1
 -0.3999899310724737
 -0.111015626611957
 0.01552342933488586
 -0.034370055952166
 0.1453303528259229
 0.0288739619332696


