# Created by Octave 4.2.2, Sat Mar 07 17:04:22 2020 CET <meike@Irmchen>
# name: omega
# type: matrix
# rows: 6
# columns: 1
 -0.3999929562085058
 -0.1128488221110252
 0.01552488180443565
 -0.03436462951392248
 0.1471484194935332
 0.02889471961472964


