# Created by Octave 4.2.2, Thu Mar 05 14:08:02 2020 CET <meike@Irmchen>
# name: omega
# type: matrix
# rows: 3
# columns: 1
 0.3214751755498788
 0.1801538505251239
 0.1130540321322106


