# Created by Octave 4.2.2, Thu Jan 23 02:05:00 2020 CET <meike@Irmchen>
# name: omega
# type: matrix
# rows: 3
# columns: 1
 0.6097166118838757
 0.0240852449155986
 0.0328120447127846


