# Created by Octave 4.2.2, Tue Jan 21 21:04:46 2020 CET <meike@Irmchen>
# name: omega
# type: matrix
# rows: 3
# columns: 1
 0.1150802862838951
 0.06872787908557094
 0.05073761670312091


