# Created by Octave 4.2.2, Wed Mar 04 14:13:55 2020 CET <meike@Irmchen>
# name: omega
# type: matrix
# rows: 3
# columns: 1
 0.1217350373099234
 0.06722035707852736
 0.0417531840131862


