# Created by Octave 4.2.2, Tue Jan 21 12:09:19 2020 CET <meike@Irmchen>
# name: omega
# type: matrix
# rows: 5
# columns: 1
 0.1642138193038873
 0.08938357383924621
 0.0081277487591336
 0.07747642896946801
 0.08587090325461996


