# Created by Octave 4.2.2, Mon Jan 20 12:47:45 2020 CET <meike@Irmchen>
# name: omega
# type: matrix
# rows: 5
# columns: 1
 -0.07237138807657859
 0.2170816273994191
 0.01067340147793193
 0.1792985778123703
 0.1871653398498393


