# Created by Octave 4.2.2, Sat Jan 18 07:13:49 2020 CET <meike@Irmchen>
# name: omega
# type: matrix
# rows: 4
# columns: 1
 0.2116854440181352
 0.02970343152578063
 0.2086759809627363
 0.1772186462610092


