# Created by Octave 4.2.2, Tue Jan 21 23:48:34 2020 CET <meike@Irmchen>
# name: omega
# type: matrix
# rows: 3
# columns: 1
 -0.004886250732531421
 0.2217697031186404
 0.2072816711424965


