# Created by Octave 4.2.2, Wed Mar 04 20:09:10 2020 CET <meike@Irmchen>
# name: omega
# type: matrix
# rows: 3
# columns: 1
 -0.003966745669430672
 0.2126675457945814
 0.1324635506817409


