# Created by Octave 4.2.2, Thu Mar 05 12:38:33 2020 CET <meike@Irmchen>
# name: omega
# type: matrix
# rows: 3
# columns: 1
 0.1543951385097206
 0.1842061428116069
 0.1152999690655905


