# Created by Octave 4.2.2, Thu Jan 23 01:22:11 2020 CET <meike@Irmchen>
# name: omega
# type: matrix
# rows: 3
# columns: 1
 0.3214751755498789
 0.180153850525124
 0.1130540321322106


