# Created by Octave 4.2.2, Mon Feb 03 08:35:27 2020 CET <meike@Irmchen>
# name: omega
# type: matrix
# rows: 6
# columns: 1
 -0.01619519495273642
 -0.09626494233913878
 -0.01124971642068978
 -0.06441992236130566
 0.1240150762062844
 0.02707830603611111


