# Created by Octave 4.2.2, Sat Mar 07 22:18:28 2020 CET <meike@Irmchen>
# name: omega
# type: matrix
# rows: 6
# columns: 1
 -0.01619473089805096
 -0.09507490057898517
 -0.01124681235436347
 -0.06441639715432015
 0.1228355132930398
 0.02706536601236215


