# Created by Octave 4.2.2, Sun Apr 19 13:28:13 2020 UTC <meike@brain09>
# name: omega
# type: matrix
# rows: 6
# columns: 1
 -0.01626898835697444
 -0.02767784502517075
 -0.01170281116575696
 -0.05747536292540076
 0.0560720256748576
 0.02630184544292315


