# Created by Octave 4.2.2, Sun May 10 13:13:38 2020 UTC <meike@brain09>
# name: omega
# type: matrix
# rows: 6
# columns: 1
 -0.0162700314629742
 -0.02806151606660691
 -0.01170946704410013
 -0.05741842346842379
 0.05645223906746966
 0.02630640816755256


