# Created by Octave 4.2.2, Fri May 01 14:08:04 2020 UTC <meike@brain09>
# name: omega
# type: matrix
# rows: 6
# columns: 1
 -0.01627966252779796
 -0.02611594313095705
 -0.01176938248896071
 -0.05672037264911025
 0.05452697890850129
 0.02628354517084194


