# Created by Octave 4.2.2, Tue Jan 21 15:08:50 2020 CET <meike@Irmchen>
# name: omega
# type: matrix
# rows: 5
# columns: 1
 0.08940534291230828
 0.1001368040253498
 0.002873602002108601
 0.07855726162235183
 0.08697925037495631


