# Created by Octave 4.2.2, Sat Jan 18 16:28:50 2020 CET <meike@Irmchen>
# name: omega
# type: matrix
# rows: 4
# columns: 1
 0.1938102544090893
 0.007245755082210157
 0.2214251631073022
 0.1696578258744247


