# Created by Octave 4.2.2, Thu Apr 30 23:14:55 2020 UTC <meike@brain09>
# name: omega
# type: matrix
# rows: 6
# columns: 1
 -0.4011492613457051
 -0.0340915030586088
 0.01584871187863122
 -0.04002981082025549
 0.06907913376717618
 0.02796220030945704


