# Created by Octave 4.2.2, Sun Feb 02 01:12:15 2020 CET <meike@Irmchen>
# name: omega
# type: matrix
# rows: 6
# columns: 1
 -0.401189499942077
 -0.1109968231885064
 0.01664536011212539
 -0.04569419007971331
 0.1453261436686882
 0.02887599001013743


