# Created by Octave 4.2.2, Sat May 09 22:18:28 2020 UTC <meike@brain09>
# name: omega
# type: matrix
# rows: 6
# columns: 1
 -0.4011439896325659
 -0.027105360273575
 0.01578338588825835
 -0.03958433759118336
 0.06215536013237308
 0.02787464579293623


