# Created by Octave 4.2.2, Sat May 02 02:54:36 2020 UTC <meike@brain09>
# name: omega
# type: matrix
# rows: 6
# columns: 1
 -0.01551681549783827
 -0.02285269426766481
 -0.01281865092849059
 -0.05866004669029035
 0.05204561767473669
 0.02427744087319791


