# Created by Octave 4.2.2, Mon May 11 01:57:11 2020 UTC <meike@brain09>
# name: omega
# type: matrix
# rows: 6
# columns: 1
 -0.01552612357793461
 -0.02230615614752806
 -0.01288054404442372
 -0.05796187096565886
 0.05150616211503506
 0.02427121596105119


