# Created by Octave 4.2.2, Sun Mar 08 18:14:00 2020 CET <meike@Irmchen>
# name: omega
# type: matrix
# rows: 6
# columns: 1
 -0.01543569503760821
 -0.08882789873761041
 -0.01226146836003192
 -0.06660602810689775
 0.1174008225356232
 0.0250214162596837


