# Created by Octave 4.2.2, Mon Apr 20 02:13:46 2020 UTC <meike@brain09>
# name: omega
# type: matrix
# rows: 6
# columns: 1
 -0.0155263852834418
 -0.02396602692672484
 -0.01288171978653643
 -0.05799551447921872
 0.05315039608788608
 0.02429077502763671


