# Created by Octave 4.2.2, Tue Feb 04 05:12:51 2020 CET <meike@Irmchen>
# name: omega
# type: matrix
# rows: 6
# columns: 1
 -0.01543502496644301
 -0.08713236811322533
 -0.0122575957392656
 -0.06660567960131099
 0.1157201531407653
 0.02500300062202833


