# Created by Octave 4.2.2, Mon May 11 00:01:46 2020 UTC <meike@brain09>
# name: omega
# type: matrix
# rows: 6
# columns: 1
 -0.3837936279010133
 -0.02619015639533703
 0.01469777855737456
 -0.0319553294025431
 0.06201591403815461
 0.02578576868788334


