# Created by Octave 4.2.2, Tue Feb 04 00:16:39 2020 CET <meike@Irmchen>
# name: omega
# type: matrix
# rows: 6
# columns: 1
 -0.383851413604896
 -0.1027385593093988
 0.01535714664147664
 -0.03660254183811281
 0.1379103959687016
 0.02669155094919853


