# Created by Octave 4.2.2, Mon May 11 03:52:41 2020 UTC <meike@brain09>
# name: omega
# type: matrix
# rows: 6
# columns: 1
 0.004068090016291776
 -0.01798689775774717
 -0.002358809707804577
 -0.01465250039753147
 0.04891415325793764
 0.02230414977813556


