# Created by Octave 4.2.2, Mon Apr 20 04:09:35 2020 UTC <meike@brain09>
# name: omega
# type: matrix
# rows: 6
# columns: 1
 -0.001274411032593231
 -0.02447300224988467
 -0.003718068853789064
 -0.01724869164260507
 0.05482150125964926
 0.02340220464737641


