# Created by Octave 4.2.2, Wed Mar 11 21:02:22 2020 CET <meike@Irmchen>
# name: omega
# type: matrix
# rows: 6
# columns: 1
 -0.02444508096046761
 -0.08750303544763942
 -0.01560253900221351
 -0.0743793661959862
 0.1161536618138587
 0.02537792559284448


