# Created by Octave 4.2.2, Sat May 02 04:49:54 2020 UTC <meike@brain09>
# name: omega
# type: matrix
# rows: 6
# columns: 1
 -0.007703654899578977
 -0.02478421638011825
 -0.008514224066362158
 -0.03952906721357781
 0.05436837614360707
 0.02413330486139601


