# Created by Octave 4.2.2, Tue Feb 04 10:11:39 2020 CET <meike@Irmchen>
# name: omega
# type: matrix
# rows: 6
# columns: 1
 0.06881479495187492
 -0.07979128891432842
 -0.02004956329962508
 -0.07705527211096133
 0.1082749391095586
 0.02289118298071477


