# Created by Octave 4.2.2, Tue Apr 28 14:01:57 2020 UTC <meike@brain09>
# name: omega
# type: matrix
# rows: 6
# columns: 1
 -0.3915200853488915
 -0.02909631125831013
 0.0153601517614955
 -0.040671386182998
 0.06399114151987435
 0.02787643995264376


