# Created by Octave 4.2.2, Wed Mar 04 10:36:26 2020 CET <meike@Irmchen>
# name: omega
# type: matrix
# rows: 6
# columns: 1
 -0.3913210561587065
 -0.110104385660357
 0.01832912750272275
 -0.06842538562342272
 0.1443003258120719
 0.02883526937606086


