# Created by Octave 4.2.2, Fri May 08 20:27:03 2020 UTC <meike@brain09>
# name: omega
# type: matrix
# rows: 6
# columns: 1
 -0.3915235670066484
 -0.02898010351441188
 0.01532896963670446
 -0.04036723868142813
 0.06387600777627384
 0.02787506650286826


