# Created by Octave 4.2.2, Sun Feb 02 13:51:10 2020 CET <meike@Irmchen>
# name: omega
# type: matrix
# rows: 6
# columns: 1
 -0.02307872605997236
 -0.08756947267552659
 -0.02079416501197237
 -0.09721461577508424
 0.1148616319447421
 0.02732116738317304


