# Created by Octave 4.2.2, Tue Apr 28 07:54:31 2020 UTC <meike@brain09>
# name: omega
# type: matrix
# rows: 6
# columns: 1
 -0.007986889531641141
 -0.0246046241937666
 -0.006872563527308241
 -0.04722807216850548
 0.05333532498144443
 0.02612446402755347


