# Created by Octave 4.2.2, Sun May 10 02:14:20 2020 UTC <meike@brain09>
# name: omega
# type: matrix
# rows: 6
# columns: 1
 0.003175461321066956
 -0.02672448540489873
 -0.00179597050635791
 -0.0190579445950064
 0.05678193708537017
 0.02411550919223755


