# Created by Octave 4.2.2, Sun Apr 19 02:36:22 2020 UTC <meike@brain09>
# name: omega
# type: matrix
# rows: 6
# columns: 1
 -0.001277868803051934
 -0.0235881382252379
 -0.003267354719149206
 -0.0228569372353888
 0.05307351786036651
 0.02523591884331304


