# Created by Octave 4.2.2, Tue Mar 10 17:40:18 2020 CET <meike@Irmchen>
# name: omega
# type: matrix
# rows: 6
# columns: 1
 -0.01065111567944765
 -0.09699295096998764
 -0.01181486140959148
 -0.08317784369306286
 0.1243669600948966
 0.02753260259762484


