# Created by Octave 4.2.2, Fri May 01 03:11:56 2020 UTC <meike@brain09>
# name: omega
# type: matrix
# rows: 6
# columns: 1
 -0.007997216295775721
 -0.02607032300498618
 -0.006934251920606511
 -0.04659143507769984
 0.05478952683575007
 0.02614179215709518


