# Created by Octave 4.2.2, Wed Apr 29 09:17:12 2020 UTC <meike@brain09>
# name: omega
# type: matrix
# rows: 6
# columns: 1
 -0.007988961859105382
 -0.02468702719809958
 -0.006885044250168912
 -0.0470996906105709
 0.05341722708100467
 0.02612547818892359


