# Created by Octave 4.2.2, Fri Jan 17 21:47:37 2020 CET <meike@Irmchen>
# name: omega
# type: matrix
# rows: 4
# columns: 1
 0.2194076512685073
 0.009732110851941341
 0.1936316288855283
 0.1729110867024344


