# Created by Octave 4.2.2, Tue Jan 21 14:42:55 2020 CET <meike@Irmchen>
# name: omega
# type: matrix
# rows: 5
# columns: 1
 0.08940534291230828
 0.1001368040253498
 0.0028736020021086
 0.07855726162235183
 0.08697925037495631


