# Created by Octave 4.2.2, Tue Jan 21 12:35:48 2020 CET <meike@Irmchen>
# name: omega
# type: matrix
# rows: 5
# columns: 1
 -0.01253739933178881
 0.08200676922027228
 0.004554375585112975
 0.09643491435764742
 0.08281556235957019


