# Created by Octave 4.2.2, Tue Jan 21 12:49:50 2020 CET <meike@Irmchen>
# name: omega
# type: matrix
# rows: 5
# columns: 1
 0.1794680143662785
 0.08140922539570858
 0.005091159863754269
 0.0972937617674431
 0.08394230637385093


