# Created by Octave 4.2.2, Mon Jan 20 23:03:10 2020 CET <meike@Irmchen>
# name: omega
# type: matrix
# rows: 5
# columns: 1
 0.07309571690582829
 0.2014209906121915
 0.03347876342013548
 0.1973206778422443
 0.1835945743545556


