# Created by Octave 4.2.2, Tue Jan 21 16:51:27 2020 CET <meike@Irmchen>
# name: omega
# type: matrix
# rows: 5
# columns: 1
 0.1406920943310165
 0.08769753266008047
 0.001783932144830364
 0.08883618910366824
 0.09014279928198436


