# Created by Octave 4.2.2, Tue Jan 21 22:08:40 2020 CET <meike@Irmchen>
# name: omega
# type: matrix
# rows: 3
# columns: 1
 -0.005204639482449223
 0.2217643881866341
 0.207286916158533


