# Created by Octave 4.2.2, Sun Apr 19 22:23:24 2020 UTC <meike@brain09>
# name: omega
# type: matrix
# rows: 5
# columns: 1
 -0.02147146168741937
 0.0008004468484875614
 -0.08530095056824391
 0.05106338686758574
 0.02473257259626305


