# Created by Octave 4.2.2, Mon Feb 03 19:17:24 2020 CET <meike@Irmchen>
# name: omega
# type: matrix
# rows: 6
# columns: 1
 -0.3838507061374149
 -0.1023161202615
 0.01535713375985533
 -0.03660640683555475
 0.1374914387465749
 0.02668678195148004


