# Created by Octave 4.2.2, Tue Jan 21 11:42:53 2020 CET <meike@Irmchen>
# name: omega
# type: matrix
# rows: 5
# columns: 1
 -0.0642109686896483
 0.09305368905326827
 0.004780512329969347
 0.07541071457318919
 0.08437114435474806


