# Created by Octave 4.2.2, Tue Jan 21 11:15:08 2020 CET <meike@Irmchen>
# name: omega
# type: matrix
# rows: 5
# columns: 1
 -0.02511219644981872
 0.09357195644696666
 0.004200557222543746
 0.07588853720485325
 0.0845982651485738


