# Created by Octave 4.2.2, Tue Jan 21 20:35:10 2020 CET <meike@Irmchen>
# name: omega
# type: matrix
# rows: 2
# columns: 1
 0.2221660857169686
 0.2068851935321407


