# Created by Octave 4.2.2, Wed Mar 04 13:02:13 2020 CET <meike@Irmchen>
# name: omega
# type: matrix
# rows: 2
# columns: 1
 0.226927276079946
 0.1188916544216122


