# Created by Octave 4.2.2, Mon Jan 20 15:13:09 2020 CET <meike@Irmchen>
# name: omega
# type: matrix
# rows: 5
# columns: 1
 -0.07291782738613047
 0.2104060201408761
 0.01391421474451484
 0.184465002518704
 0.1813985068378023


